cam0:
  cam_overlaps: [1, 3]
  camera_model: pinhole
  distortion_coeffs: [-0.019376301096834154, 0.09761286687695944, -0.15852437208450548,
    0.09021578750160852]
  distortion_model: equidistant
  intrinsics: [462.9820202938883, 461.5715384729955, 356.42103626925274, 230.11219259794277]
  resolution: [752, 480]
  rostopic: /cam0/image_raw
cam1:
  T_cn_cnm1:
  - [0.9999983504349462, 0.0012723106432011569, -0.0012962843097073262, -0.11020622725788477]
  - [-0.0012712439601554448, 0.9999988530002355, 0.0008233693004865612, -0.00034009204626850005]
  - [0.0012973304043938237, -0.000821720048685978, 0.9999988208542955, -5.675044197176411e-05]
  - [0.0, 0.0, 0.0, 1.0]
  cam_overlaps: [0, 3]
  camera_model: pinhole
  distortion_coeffs: [-0.010614654570689495, 0.057580389654557425, -0.09475867859455184,
    0.05615733633749296]
  distortion_model: equidistant
  intrinsics: [463.6131225394677, 462.3378148308233, 377.1864109953156, 225.41100420647527]
  resolution: [752, 480]
  rostopic: /cam1/image_raw
cam2:
  T_cn_cnm1:
  - [-0.5052347691437473, -0.043988603374778834, -0.8618600993324887, -0.04546386593555727]
  - [-0.0785659032649597, 0.996897248842465, -0.004824323215934692, 0.015232767367144932]
  - [0.8593981771521464, 0.06527540136580708, -0.5071231557364615, -0.0824488467667115]
  - [0.0, 0.0, 0.0, 1.0]
  cam_overlaps: [3]
  camera_model: omni
  distortion_coeffs: [-0.05357431949679885, 0.15202596166555207, 0.0020022565875084165,
    -0.003549225313423541]
  distortion_model: radtan
  intrinsics: [1.8932176153854028, 1204.8851037860873, 1208.9077485537819, 374.2410870920698,
    240.73581607796086]
  resolution: [752, 480]
  rostopic: /cam2/image_raw
cam3:
  T_cn_cnm1:
  - [0.4927974567556076, -0.043551329173347635, 0.8690534784133983, 0.06004670361820484]
  - [-0.06288189259145571, 0.9943529111683747, 0.0854877513745806, 0.002374212313216074]
  - [-0.867868961421774, -0.09677587394697192, 0.48727599573801916, -0.035187918630912425]
  - [0.0, 0.0, 0.0, 1.0]
  cam_overlaps: [0, 1, 2]
  camera_model: omni
  distortion_coeffs: [0.006374262281339545, -0.14807292837352365, 0.0019422178246478162,
    -0.0032921041344286654]
  distortion_model: radtan
  intrinsics: [1.9445754827580468, 1236.264595920015, 1234.605031228774, 370.23870573711355,
    259.5623203922609]
  resolution: [752, 480]
  rostopic: /cam3/image_raw
